e_schoff = 5c 02 00 00 = 25c
e_shnum = 08 00 = 8
e_shstrndx = 06 00 = 6
sh_offset = e0 01 = 1e0 

section header names:
    1.rodata => d4
    2.text => e8
    3.data => 138
    4.comment => 13c
    5.symtab => 150
    6.shstrtab => 1e0
    7.strtab => 218
    

symbols:
    00000150  00 00 00 00 00 00 00 00  00 00 00 00 00 00 00 00  |................|
    00000160  01 00 00 00 e8 10 01 00  00 00 00 00 00 00 02 00  |................| .Lpcrel_hi0  110e8
    00000170  0d 00 00 00 0c 11 01 00  00 00 00 00 00 00 02 00  |................| .Lpcrel_hi1  1110c
    00000180  19 00 00 00 20 11 01 00  00 00 00 00 00 00 02 00  |.... ...........| my_func      11120
    00000190  21 00 00 00 08 11 01 00  00 00 00 00 00 00 02 00  |!...............| put          11108
    000001a0  25 00 00 00 38 21 01 00  00 00 00 00 00 00 03 00  |%...8!..........| resultado    12138
    000001b0  2f 00 00 00 2c 11 01 00  00 00 00 00 00 00 02 00  |/...,...........| sair         1112c
    000001c0  34 00 00 00 d4 00 01 00  00 00 00 00 00 00 01 00  |4...............| string       100d4
    000001d0  3b 00 00 00 e8 10 01 00  00 00 00 00 10 00 02 00  |;...............| _start       110e8

    